                 6                 6
     1BSE eigenvalue        8.16445411      IP-eigenvalue:    7.95046342
  0.00000  0.00000  0.00000    -8.8630037    -0.9125403     0.1564543     7     9      0.156454 +i*     0.000000
  0.00000  0.00000  0.00000    -8.8630037    -0.9125403     0.9876852     8     9     -0.466807 +i*    -0.870410
  0.00000  0.00000  0.00000    -8.8630037    -0.4232838     0.0000000     7    10      0.000000 +i*    -0.000000
  0.00000  0.00000  0.00000    -8.8630037    -0.4232838     0.0000000     8    10     -0.000000 +i*    -0.000000
  0.00000  0.00000  0.00000    -8.8630037    -0.4232838     0.0000000     7    11     -0.000000 +i*    -0.000000
  0.00000  0.00000  0.00000    -8.8630037    -0.4232838     0.0000000     8    11      0.000000 +i*     0.000000
     2BSE eigenvalue        8.16445411      IP-eigenvalue:    7.95046342
  0.00000  0.00000  0.00000    -8.8630037    -0.9125403     0.9876852     7     9      0.987685 +i*     0.000000
  0.00000  0.00000  0.00000    -8.8630037    -0.9125403     0.1564543     8     9      0.073945 +i*     0.137877
  0.00000  0.00000  0.00000    -8.8630037    -0.4232838     0.0000000     7    10      0.000000 +i*     0.000000
  0.00000  0.00000  0.00000    -8.8630037    -0.4232838     0.0000000     8    10      0.000000 +i*     0.000000
  0.00000  0.00000  0.00000    -8.8630037    -0.4232838     0.0000000     7    11     -0.000000 +i*     0.000000
  0.00000  0.00000  0.00000    -8.8630037    -0.4232838     0.0000000     8    11      0.000000 +i*     0.000000
     3BSE eigenvalue        8.43971994      IP-eigenvalue:    8.43971989
  0.00000  0.00000  0.00000    -8.8630037    -0.9125403     0.0000000     7     9      0.000000 +i*    -0.000000
  0.00000  0.00000  0.00000    -8.8630037    -0.9125403     0.0000000     8     9     -0.000000 +i*    -0.000000
  0.00000  0.00000  0.00000    -8.8630037    -0.4232838     0.0480928     7    10      0.044654 +i*     0.017860
  0.00000  0.00000  0.00000    -8.8630037    -0.4232838     0.7054694     8    10     -0.648942 +i*    -0.276698
  0.00000  0.00000  0.00000    -8.8630037    -0.4232838     0.7054694     7    11      0.646744 +i*     0.281796
  0.00000  0.00000  0.00000    -8.8630037    -0.4232838     0.0480928     8    11      0.043645 +i*     0.020201
     4BSE eigenvalue        9.39490259      IP-eigenvalue:    8.43971989
  0.00000  0.00000  0.00000    -8.8630037    -0.9125403     0.0000000     7     9     -0.000000 +i*     0.000000
  0.00000  0.00000  0.00000    -8.8630037    -0.9125403     0.0000000     8     9      0.000000 +i*    -0.000000
  0.00000  0.00000  0.00000    -8.8630037    -0.4232838     0.6359545     7    10      0.635569 +i*     0.022128
  0.00000  0.00000  0.00000    -8.8630037    -0.4232838     0.3091307     8    10     -0.308986 +i*    -0.009475
  0.00000  0.00000  0.00000    -8.8630037    -0.4232838     0.3091308     7    11     -0.308816 +i*    -0.013937
  0.00000  0.00000  0.00000    -8.8630037    -0.4232838     0.6359545     8    11     -0.635422 +i*    -0.026025
     5BSE eigenvalue        9.39497522      IP-eigenvalue:    8.43971989
  0.00000  0.00000  0.00000    -8.8630037    -0.9125403     0.0000000     7     9      0.000000 +i*     0.000000
  0.00000  0.00000  0.00000    -8.8630037    -0.9125403     0.0000000     8     9      0.000000 +i*     0.000000
  0.00000  0.00000  0.00000    -8.8630037    -0.4232838     0.3091308     7    10     -0.304465 +i*    -0.053506
  0.00000  0.00000  0.00000    -8.8630037    -0.4232838     0.6359545     8    10     -0.625941 +i*    -0.112409
  0.00000  0.00000  0.00000    -8.8630037    -0.4232838     0.6359545     7    11     -0.625188 +i*    -0.116523
  0.00000  0.00000  0.00000    -8.8630037    -0.4232838     0.3091308     8    11      0.303685 +i*     0.057767
     6BSE eigenvalue       18.60114277      IP-eigenvalue:    8.43971990
  0.00000  0.00000  0.00000    -8.8630037    -0.9125403     0.0000000     7     9     -0.000000 +i*     0.000000
  0.00000  0.00000  0.00000    -8.8630037    -0.9125403     0.0000000     8     9      0.000000 +i*     0.000000
  0.00000  0.00000  0.00000    -8.8630037    -0.4232838     0.7054694     7    10      0.703374 +i*     0.054328
  0.00000  0.00000  0.00000    -8.8630037    -0.4232838     0.0480928     8    10      0.048023 +i*     0.002597
  0.00000  0.00000  0.00000    -8.8630037    -0.4232838     0.0480928     7    11     -0.047815 +i*    -0.005163
  0.00000  0.00000  0.00000    -8.8630037    -0.4232838     0.7054694     8    11      0.702951 +i*     0.059552
